82.27500000000002 4.9969572794509425
82.27500000000002 4.996888500431236
82.27500000000002 4.997111409020366
167.60000000000002 9.980522655866256
253.2 14.938107136971007
335.84000000000003 19.886326728545583
412.80000000000007 24.845355907997092
482.5800000000001 29.79015384714005
544.8600000000001 34.76148938753493
600.1000000000003 39.762110994214986
649.1200000000001 44.86416291599739
692.7800000000001 49.888547021510746
731.9100000000001 54.9080247908742
767.2200000000001 60.12685183107638
799.2900000000002 65.26441776827073
828.6200000000001 70.43391981417315
855.6000000000001 75.58577761413312
880.5499999999998 80.83763275259295
903.7500000000002 85.90673016152246
925.4100000000002 91.20152683363199
945.7100000000002 96.42795774886201
964.8200000000004 101.7402706576499
982.8600000000001 106.86403208356619
999.9500000000003 112.18346604277087
1016.2000000000002 117.2441555632815
1031.6000000000001 122.23419038791371
1046.4000000000003 127.88631665151868
1060.5000000000002 133.10218751265324
1074.0000000000002 138.13940140873075
1087.0 143.40901517796755
1099.4000000000003 148.6870338479864
1111.5000000000002 154.00613937641393
1123.0000000000002 159.293296554861
1134.2000000000003 164.27083357625676
1145.1000000000001 169.97291959690511
1155.6 175.02761691198202
1165.7000000000003 180.48205307544254
1175.6 185.843853170562
1185.1000000000001 190.80166900545993
1194.5000000000005 196.30556926473992
1203.5000000000002 201.55093762123792
1212.3000000000002 206.97798935991736
1220.9000000000003 212.29702768676475
1229.3000000000002 217.6482832468605
1237.5000000000002 222.51575281226872
1245.5000000000002 228.0241533483241
1253.3000000000004 233.31547875823452
1260.9000000000003 238.32894747553232
1268.4000000000003 244.10699819564502
1275.7000000000005 249.27977518896418
1282.9000000000005 254.40968502251513
1289.9000000000005 259.82948813633885
1296.7000000000003 264.8409495742886
1303.5000000000005 270.38575870843135
1310.1000000000001 275.69571235761924
1316.6000000000001 281.1083187547293
1323.0000000000002 286.1361288400537
1329.2000000000003 291.61088293067644
1335.4000000000005 296.8372928894075
1341.4 301.87434591238315
1347.4000000000003 307.4253430237942
1353.2000000000003 312.64733553013866
1359.0000000000002 317.9831902049954
1364.6 322.96858464336066
1370.2000000000003 328.46327386005237
1375.7000000000005 333.55196831704825
1381.1000000000001 339.4663171649109
1386.5000000000002 344.50196703354993
1391.7000000000003 349.58342782837747
1396.9000000000005 355.28844451033893
1402.0000000000002 360.3731328932262
1407.0000000000005 366.13409069087305
1412.0000000000002 370.75998986893416
1416.9000000000003 376.45485010058957
1421.7000000000003 381.071980073074
1426.5000000000005 386.64621113783306
1431.2000000000003 392.29604043080064
1435.9000000000005 397.3646763705393
1440.5000000000005 402.3102786740615
1445.0000000000002 407.99707488378743
1449.5000000000002 413.3197904658124
1454.0 419.3950098862873
1458.3000000000002 424.12668985087697
1462.7000000000005 429.7414952753819
1467.0000000000002 434.80650789064987
1471.2000000000005 440.27584497881304
1475.4000000000003 445.06307838143283
1479.5000000000005 450.70126473309216
1483.6000000000004 455.71148855544084
1487.7000000000003 461.8111180712348
1491.7000000000003 466.60067861797376
1495.7000000000005 471.68927591079535
1499.6000000000001 477.6190595245956
1503.5000000000005 482.53489987642746
1507.3000000000004 487.81618404615864
1511.2000000000003 493.23723900054694
1514.9000000000003 497.9401653722598
1518.7000000000003 504.0199209371621
1522.4000000000005 510.0601892464721
1526.1000000000004 514.2854005926924
1529.7000000000005 520.0270906174793
1533.3000000000002 525.3805729779103
1536.9000000000005 530.8336369788638
1540.4000000000003 535.8291041918225
1543.9000000000003 541.043674043451
1547.4000000000003 546.8341720083764
1550.8000000000002 551.7248240599255
1554.2000000000005 556.8947951505126
1557.6000000000001 562.4478675519413
1561.0000000000002 567.6516131488378
1564.3 572.191417771509
1567.6000000000004 577.8411261985368
1570.9000000000003 583.5199836548135
1574.1 589.2136783903993
1577.4000000000003 594.8678390952559
1580.6000000000004 599.4189205083671
1583.7 604.8597774241953
1586.9 610.5746407703353
1590.0000000000005 616.1067314155896
1593.1000000000001 620.4990142332526
1596.2000000000005 627.3796910250841
1599.2000000000003 631.540443265086
1602.3000000000004 636.7652244450416
1605.3000000000002 642.5013218923586
1608.2000000000005 647.6151056001507
1611.2000000000005 653.0642744061477
1614.1000000000001 658.7797856413591
1617.1000000000004 663.380503519637
1620.0000000000005 669.4758712793614
1622.8000000000002 673.9120657712823
1625.7000000000005 679.2979700566626
1628.5000000000002 684.0737198202318
1631.4000000000003 690.1574723443869
1634.2000000000003 695.7772881183014
1636.9000000000003 700.8248646888409
1639.7000000000005 706.2449935272792
1642.5000000000005 711.3358653683808
1645.2000000000005 716.8456748162755
1647.9000000000003 722.2688614533755
1650.6000000000004 727.7487130428249
1653.3000000000002 733.057570379237
1655.9000000000005 738.7906552547504
1658.6000000000001 743.7270629684081
1661.2000000000003 749.2101569726791
1663.8000000000004 753.9406033731401
1666.4000000000005 759.7641101281175
1669.0000000000002 765.5503376094233
1671.5000000000002 770.3241210006325
1674.1000000000004 774.9776619368638
1676.6000000000006 780.8283994716186
1679.1000000000004 787.3492079133041
1681.6000000000004 791.6115246020973
1684.1 796.8550563321836
1686.6000000000001 801.8733739173928
1689.0000000000002 807.7165443365201
1691.5000000000005 813.3565954247634
1693.9 818.332154902751
1696.3000000000002 823.6844689688049
1698.7000000000005 829.2766582915109
1701.1000000000001 834.7651081685814
1703.5000000000007 840.7137696144562
1708.2 851.3385577888323
1710.5000000000002 855.4500934239343
1712.8000000000004 861.6733370151862
1715.1000000000001 865.7345114852778
1717.4000000000005 871.6742625369616
1719.7000000000007 877.4484640970821
1722.0 882.8775145270411
1724.3000000000004 887.9036358719751
1726.500000000001 893.4122318863896
1728.8000000000004 898.4118357192139
1731.0000000000002 904.0355804139056
1733.2 908.3772346629711
1735.4000000000003 915.3773550365026
1737.6000000000004 920.7791457558948
1739.8000000000002 925.0643476961916
1742.0000000000005 931.218934485041
1744.1000000000004 935.768641329734
1746.3000000000004 941.0964766986998
1748.4000000000005 946.9431487548072
1750.5 951.481501294936
1752.7000000000005 957.5244173173871
1754.8000000000002 963.5157454169204
1756.9000000000005 968.264924332827
1759.0000000000005 973.2496070438402
1761.0000000000002 978.9551881653213
1765.2000000000005 989.1852433304028
1767.2000000000003 995.0812002592527
1769.3000000000002 999.9248481398664
