0.04917981483661091 0.12069940675258971 -0.0006330991252980164
0.04917981483661091 0.12069775413831335 -0.0006330991252980164
0.04917981483661091 0.12070311015993582 -0.0006330991252980164
0.10018276471122438 0.2424379806639203 -0.002627144496022911
0.15135009561385449 0.36492712239123093 -0.005996023609838889
0.20074808890583293 0.4883750874338493 -0.010548744514075212
0.246750866782777 0.612918639164813 -0.015937320587899963
0.28846180545550515 0.737575184890015 -0.02178083724090387
0.3256896251823253 0.8630105373374308 -0.02776551822347874
0.3587092905919198 0.9890802337726156 -0.033680861003412485
0.3880109560223745 1.1173990199488795 -0.03940813772445643
0.41410868577948706 1.243603822085473 -0.044887623650916704
0.4374986116932711 1.369425190937749 -0.050101565166738866
0.458605135690606 1.4997733315483162 -0.05505233737487022
0.4777749523033087 1.6279167631808698 -0.05975093292540495
0.49530693612777293 1.7565945416229418 -0.0642165181843018
0.511434209349186 1.8846326612100444 -0.06846639847510581
0.5263480517092399 2.0148749185882666 -0.07251769215199785
0.5402158329819156 2.140546212531052 -0.076389303836921
0.5531630804976978 2.271474464105049 -0.08009479753948864
0.5652973891112889 2.4006070336355037 -0.08364729364379099
0.5767203761854626 2.5316653532920776 -0.08706197733375085
0.5875037716233532 2.658064666508881 -0.09034814765802304
0.5977193053280956 2.7890486751886243 -0.09351741660096664
0.6074327297108963 2.913710498608019 -0.09658158152634948
0.6166380672798274 3.036559945708815 -0.099531052938135
0.625484755333086 3.175244937060435 -0.10240741260402353
0.633913018951393 3.303349701587228 -0.10518583945477819
0.6419826330540274 3.4270783345061204 -0.10788088344985945
0.6497533725602679 3.556323448042565 -0.110508330972614
0.657165462550836 3.6856787039387076 -0.11304396887780432
0.6643982277835674 3.8159875700165604 -0.11554598671532622
0.6712723435006264 3.945430101026301 -0.11794932071775906
0.677967134459849 4.0673941975330505 -0.12031373729632487
0.6844826006612353 4.206726870098365 -0.12263735095135994
0.6907589671855064 4.330439907472159 -0.12489670984552631
0.6967962340326627 4.463691211710862 -0.12708945710424416
0.7027139510412611 4.594691764849183 -0.12925730192543625
0.7083925683727447 4.715915078519662 -0.1313547940404181
0.7140114107849496 4.850254182250428 -0.13344682325682017
0.7193911535200391 4.978307777039657 -0.13546531798632894
0.7246513464165711 5.1106966335740305 -0.13745360731050715
0.7297919894745458 5.240458963378786 -0.139410703586674
0.7348130826939627 5.370963246868149 -0.14133564161857265
0.7397146260748221 5.489810075818745 -0.14322747865637117
0.7444966196171239 5.6240230981997135 -0.1450852943966622
0.7491590633208683 5.752985345573044 -0.14690819098246313
0.7537019571860551 5.875235490126956 -0.1486952930032153
0.7581850761319632 6.015843999417135 -0.15046947243028883
0.7625486452393136 6.141871855263293 -0.15220644503810113
0.7668524394273853 6.266855674035691 -0.15392938769528913
0.7710366837768995 6.398766451831712 -0.15561376739506488
0.775101378287856 6.520826294807942 -0.1572587985125684
0.7791660727988127 6.655710003476877 -0.1589124789856733
0.7831112174712116 6.784910265748137 -0.1605257933052587
0.7869965872243319 6.916560575940839 -0.16212262727287066
0.7908221820581735 7.038948200056165 -0.16370261613411044
0.7945282270534574 7.172032874344556 -0.16524053665463398
0.7982342720487414 7.299157555088918 -0.16678564751316166
0.8018207672054677 7.421689393304835 -0.1682877622454243
0.8054072623621942 7.556576954157525 -0.1697966109050582
0.808874207680363 7.6835153366882025 -0.1712615655814444
0.8123411529985319 7.813195878625947 -0.1727328127388519
0.815688548478143 7.9344108408998375 -0.17415929798459476
0.8190359439577546 8.06786894480019 -0.17559164922929232
0.8223235645180871 8.191551986000114 -0.17700413258244155
0.8255514101591407 8.33505357822848 -0.17839643940570513
0.8287792558001946 8.45744734818756 -0.17979420071013932
0.8318875516026908 8.580895244004838 -0.18114534827288192
0.8349958474051872 8.719330925994294 -0.18250155376329438
0.8380443682884045 8.842840263935658 -0.18383659134006913
0.8410331142523433 8.982577470519406 -0.18515017481129284
0.8440218602162818 9.09504629710498 -0.1864684346209689
0.8469508312609418 9.233178167195812 -0.18776486621801752
0.8498200273863229 9.345392356936985 -0.18903919463373817
0.8526892235117041 9.480607969984792 -0.19031783276297637
0.8554986447178063 9.61761758613264 -0.19157400856809298
0.8583080659239088 9.740666488080295 -0.19283431638586632
0.8610577122107324 9.860736338159132 -0.19407181021886655
0.8637475835782771 9.998592436987373 -0.19528623193321126
0.8664374549458219 10.127704236723652 -0.1965044414817024
0.8691273263133666 10.274900898897139 -0.19772643886433972
0.8716976478423539 10.389764379534626 -0.1988976643051338
0.8743277442906201 10.525878313890844 -0.20009970775159566
0.8768980658196073 10.648758070315923 -0.20127793086524967
0.8794086124293158 10.781328826461271 -0.20243209234703158
0.8819191590390243 10.897513374304086 -0.20358955345322546
0.884369930729454 11.034120144633235 -0.20472263867760343
0.8868207024198836 11.15564144880277 -0.20585886827195649
0.8892714741103134 11.303342010485776 -0.20699824223628513
0.8916624708814643 11.419539628193062 -0.2081128568590445
0.8940534676526153 11.54292545886974 -0.20923046433841325
0.8963846895044874 11.686498157885588 -0.2103230131905522
0.8987159113563596 11.80571079135837 -0.21141840712700533
0.9009873582889529 11.933678915901853 -0.2124884506327091
0.9033185801408251 12.065036404231613 -0.21358946178691096
0.9055302521541397 12.179084950463423 -0.21463664080338654
0.9078016990867331 12.326246755869324 -0.21571478746836045
0.9100133711000479 12.472433989183228 -0.2167671572205179
0.9122250431133624 12.57501180590986 -0.21782208773561185
0.9143769402073983 12.714001341982831 -0.21885096449865338
0.9165288373014341 12.843665493716342 -0.21988226547554832
0.91868073439547 12.97572480572614 -0.22091599066629686
0.920772856570227 13.0967626449516 -0.2219233254086243
0.922864978744984 13.223067348270895 -0.22293295155679324
0.9249571009197411 13.363212676636921 -0.22394486911080386
0.9269894481752193 13.481709894389068 -0.22493006887270167
0.9290217954306977 13.606920719824103 -0.22591743097349967
0.9310541426861759 13.74133882128374 -0.22690695541319805
0.9330864899416542 13.867365501301224 -0.22789864219179665
0.9350590622778537 13.977411985522979 -0.22886322958906485
0.9370316346140534 14.114129146123286 -0.22982985399936287
0.939004206950253 14.251548733217078 -0.2307985154226906
0.9409170043671735 14.38929742071068 -0.23173976882634995
0.9428895767033733 14.52612760943562 -0.23271244254806972
0.944802374120294 14.636425607784899 -0.23365758666532138
0.9466553966179359 14.768075319125428 -0.23457502160670818
0.9485681940348566 14.906340305241317 -0.2355239367232876
0.9504212165324988 15.040185823164153 -0.2364450248202735
0.9522742390301405 15.146645968917943 -0.23736791050176015
0.9541272615277827 15.312898752900209 -0.23829259376774825
0.9559205091061458 15.413769389527044 -0.23918916008115823
0.9577735316037878 15.540238043754522 -0.24011738052955128
0.9595667791821509 15.678964314657408 -0.24101736992270825
0.9613002518412355 15.802709304090468 -0.24188895991244536
0.9630934994195987 15.934544597859473 -0.24279226015322655
0.964826972078683 16.072751026737713 -0.24366705062900013
0.9666202196570463 16.184203151263127 -0.24457366171740566
0.9683536923161308 16.331539928965043 -0.2454516526792159
0.9700273900559363 16.438981501731647 -0.2463008607778528
0.9717608627150209 16.569274465682284 -0.24718194373464786
0.9734345604548263 16.68487781835014 -0.24803413720775244
0.975168033113911 16.831941690514338 -0.24891831215953208
0.9768417308537165 16.96782914836384 -0.2497734910071046
0.9784556536742434 17.08993775604131 -0.2505995166254987
0.9801293514140491 17.221030040082724 -0.25145757609755803
0.9818030491538547 17.344212441833033 -0.25231710206935587
0.9834169719743817 17.477431719131502 -0.25314731955753866
0.9850308947949085 17.608570997239504 -0.2539789006660137
0.9866448176154354 17.741073177844353 -0.25481184539478163
0.9882587404359623 17.86946809206938 -0.2556461537438422
0.9898128883372105 18.008026684693327 -0.2564508505825558
0.9914268111577371 18.12747509948978 -0.25728783566774605
0.9929809590589854 18.26002951816809 -0.25809511010421476
0.9945351069602335 18.37450067234793 -0.2589036490226004
0.9960892548614818 18.51523701792383 -0.2597134524229041
0.9976434027627297 18.65507888593494 -0.26052452030512463
0.999137775744699 18.770563862793594 -0.26130558573510376
1.000691923645947 18.88319215072812 -0.26211913394723957
1.0021862966279165 19.02455644127184 -0.2629025843098296
1.003680669609886 19.182022286623795 -0.2636872037570325
1.005175042591855 19.285222524217662 -0.26447299228884813
1.0066694155738243 19.412000451648264 -0.265259949905277
1.0081637885557937 19.533368128916 -0.26604807660631896
1.0095983866184843 19.674524848831805 -0.2668057781141233
1.0110927596004537 19.810833757716956 -0.2675961962210069
1.0125273576631442 19.93114582271982 -0.26835609747841904
1.0139619557258348 20.060511580520977 -0.26911707616421066
1.0153965537885254 20.195642110484467 -0.26987913227838156
1.0168311518512159 20.328281078556813 -0.27064226582093187
1.0182657499139067 20.47197903404226 -0.27140647679186175
1.0210751711200088 20.728769907872138 -0.27290617759821534
1.0224499942634206 20.82829680925444 -0.2736415795184764
1.0238248174068325 20.978564573017145 -0.27437797095195415
1.0251996405502442 21.07688338121745 -0.2751153518986482
1.026574463693656 21.22034139827785 -0.27585372235855843
1.027949286837068 21.359822600946018 -0.27659308233168584
1.0293241099804795 21.491011541963875 -0.2773334318180293
1.0306989331238914 21.61251993936007 -0.27807477081758913
1.0320139813480247 21.745589875716156 -0.2787848036017472
1.0333888044914363 21.8664630494234 -0.2795280786054264
1.0347038527155692 22.002301616690428 -0.2802399632196112
1.0360189009397023 22.107335169365356 -0.2809527531729208
1.0373339491638354 22.276246941846242 -0.2816664484653542
1.0386489973879682 22.406755140858145 -0.2823810490969122
1.0399640456121013 22.510434980049077 -0.28309655506759457
1.0412790938362344 22.6590330860349 -0.2838129663774014
1.0425343671410885 22.769037604003124 -0.2844976580834866
1.0438494153652216 22.89777239267162 -0.28521583891976376
1.0451046886700759 23.03894192880475 -0.28590221971929825
1.04635996197493 23.14867614086464 -0.2865894254249352
1.0476750101990633 23.294595437919515 -0.28731023997502864
1.0489302835039174 23.439243266618803 -0.2879991347741148
1.0501855568087717 23.554045704285222 -0.288688854479304
1.0514408301136258 23.674507624622724 -0.2893793990905961
1.0526363284992013 23.812259091862888 -0.2900378275446664
1.05514687510891 24.059450801295377 -0.29142296273527973
1.0563423734944852 24.201778915730078 -0.2920837106532221
1.0575976467993395 24.318856113553927 -0.29277830123254306
