0.4574955528339076 0.10889020767389739 7.807924101698692e-8
0.4982257665438505 0.12543042076928568 7.559183227793215e-8
0.5389559802537934 0.16948358201535746 9.19818206299808e-8
0.5796861939637363 0.25135879872672956 9.893311043647772e-8
0.6204164076736792 0.38882107890578993 1.0588440024297465e-7
0.6611466213836221 0.6036378054602439 1.1283569004947159e-7
0.701876835093565 0.9225900930897526 1.1978697985596853e-7
0.7426070488035079 1.3724365863317083 1.2673826966246545e-7
0.7833372625134509 1.9832528749792102 1.3368955946896235e-7
0.8240674762233937 2.8018209952263358 1.406408492754593e-7
0.8647976899333367 3.8591397707849655 1.4759213908195622e-7
