0.0001 7.316691176129098e-5
0.0002 0.0004834772607864579
0.0003 0.0011716480519226025
0.0004 0.002060001314021065
0.0005 0.0032217750228937803
0.0006 0.004705106893425182
0.0007 0.006340914021620847
0.0008 0.008701677361841575
0.0009 0.011247376668279685
0.001 0.014028756618017724
0.0011 0.016868420321088706
0.0012 0.02002162386747841
0.0013 0.02987015475946464
0.0014 0.03453598081546261
0.0015 0.03950650337060324
0.0016 0.044134461727026064
0.0017 0.050598420235473895
0.0018 0.05634870392668745
0.0019 0.06285569007536651
0.002 0.06984740721009075
0.0021 0.07671630832874143
0.0022 0.08439283843222256
0.0023 0.09184966580255605
0.0024 0.10039971868218345
0.0025 0.1085125926128967
0.0026 0.11772336744752465
0.0027 0.1269957769006851
0.0028 0.1368159677811036
0.0029 0.14693460072248854
0.003 0.15620413195574656
0.0031 0.16771221926978797
0.0032 0.17807319445137182
0.0033 0.18919072532685277
0.0034 0.201463132614208
0.0035 0.21306761817777442
0.0036 0.22530910452701391
0.0037 0.2381110794642609
0.0038 0.2508984621156287
0.0039 0.26586143669646845
0.004 0.27797791961756957
0.0041 0.292819481162951
0.0042 0.30678613521558873
0.0043 0.32212740198860956
0.0044 0.3341077606607996
0.0045 0.3508700781769676
0.0046 0.36940814236049846
0.0047 0.38184989571186634
0.0048 0.39560068501691603
0.0049 0.41878935699674
0.005 0.43548600081931
0.0051 0.45446294527255304
0.0052 0.46159701968736044
0.0053 0.4911583446478289
0.0054 0.5336730329111106
0.0055 0.5224739895406856
0.0056 0.5453285824364684
0.0057 0.5635989883980983
0.0058 0.5823008786021546
0.0059 0.6246530124894889
0.006 0.6268983586542163
0.0061 0.6297904293160173
0.0062 0.6681601111990858
0.0063 0.6930040133331659
0.0064 0.7034983302617093
