0.0001 0.07944064242451532
0.0002 0.3391974665325961
0.0003 0.5098637126723133
0.0004 0.681260828188897
0.0005 0.8533505813220472
0.0006 1.0262882418865047
0.0007 1.1996813824907804
0.0008 1.3743355295732727
0.0009 1.5495674468625111
0.001 1.725315100158241
0.0011 1.9025133630284472
0.0012 2.080909332793908
0.0013 2.5270876058229987
0.0014 2.7274445879318137
0.0015 2.927357489044425
0.0016 3.1258384605162064
0.0017 3.3298569529865745
0.0018 3.531886140683355
0.0019 3.7345391153862693
0.002 3.9361945307487076
0.0021 4.135631180976361
0.0022 4.345750864529236
0.0023 4.5500791191800545
0.0024 4.756985886070652
0.0025 4.9576585851207255
0.0026 5.163283833446712
0.0027 5.3744978919025925
0.0028 5.578519302761379
0.0029 5.795135985026036
0.003 6.005002383729561
0.0031 6.197517127277706
0.0032 6.411673504647069
0.0033 6.593777010506301
0.0034 6.840043114453465
0.0035 7.055430596907172
0.0036 7.249502072335417
0.0037 7.4514029879399
0.0038 7.685131075646723
0.0039 7.893055902912465
0.004 8.116781577130496
0.0041 8.298901061111792
0.0042 8.528625358945192
0.0043 8.72280114525961
0.0044 8.956806402415168
0.0045 9.865428249800743
0.0046 9.355457672953435
0.0047 9.603517247469426
0.0048 9.746171077615372
0.0049 10.009633784570724
0.005 10.400353307649084
0.0051 10.464123067562923
0.0052 10.608253199442743
0.0053 10.976704521302509
0.0054 11.076637547108476
0.0055 11.24643830448008
0.0056 11.494118342098318
0.0057 14.300243720444541
0.0058 11.962787974036019
0.0059 13.177965281436627
0.006 12.47606087097779
0.0061 12.793911491696917
0.0062 13.068263958510215
0.0063 13.294013485298592
0.0064 13.864803850943417
