0.0001 0.07813042333350495
0.0002 0.33652099178289063
0.0003 0.5038057150629811
0.0004 0.6704447602280652
0.0005 0.8364656675903461
0.0006 1.0018905741203525
0.0007 1.1667804937194433
0.0008 1.3307402390205425
0.0009 1.494316523429461
0.001 1.7002229667086795
0.0011 1.8699998038323429
0.0012 2.0415704867871227
0.0013 2.464005131265594
0.0014 2.6511800493356077
0.0015 2.838438181106085
0.0016 3.0270000677626285
0.0017 3.2126584630500474
0.0018 3.399017223193823
0.0019 3.5867367630571607
0.002 3.7717539275636227
0.0021 3.9613819971739304
0.0022 4.143568959827462
0.0023 4.330006332773564
0.0024 4.513076896914072
0.0025 4.698947701310772
0.0026 4.890338346108592
0.0027 5.072469276421998
0.0028 5.262524498937182
0.0029 5.43918493910428
0.003 5.618912462108028
0.0031 5.816656743778822
0.0032 5.998335382386358
0.0033 6.184188914939796
0.0034 6.348049326853925
0.0035 6.523651848387317
0.0036 6.726888835363525
0.0037 6.917613414313337
0.0038 7.07472327747746
0.0039 7.263876473767823
0.004 7.435568598570853
0.0041 7.778450134416744
0.0042 9.05374672577409
0.0043 9.044424742578258
0.0044 11.134268369250321
0.0045 11.247708031895627
0.0046 9.208507424830714
0.0047 9.105085637712364
0.0048 9.92189616294786
0.0049 10.359395328972823
0.005 10.922409198675496
0.0051 11.533075762933777
0.0052 12.135344352204129
0.0053 13.355155299602984
0.0054 13.233443994958634
0.0055 13.708278886612334
0.0056 14.087311319092578
0.0057 14.221292201945744
0.0058 14.192768208631605
0.0059 14.126615890164203
0.006 13.91327319049492
0.0061 13.626627087179486
0.0062 13.13255700371792
0.0063 13.028909612869484
0.0064 13.103597091951087
