0.4574955528339076 0.1262940424564884 -0.05478626432812237
0.48033331820424785 0.14538261607344774 -0.06039254892030385
0.5031710835745882 0.16074243924893697 -0.06627187908843113
0.5260088489449284 0.18172057166958752 -0.07242425483250414
0.5488466143152687 0.22665787258029596 -0.07884967615252295
0.5716843796856089 0.2872808439494642 -0.08554814304848754
0.5945221450559492 0.3135056514911687 -0.09251965552039791
0.6173599104262895 0.4170309050316806 -0.09976421356825405
0.6401976757966298 0.519832011778424 -0.1072818171920559
0.6630354411669701 0.6806053644066212 -0.11507246639180364
0.6858732065373103 0.8215063067363891 -0.12313616116749707
