0.4502 0.154483244843077
0.4512 0.157254468142534
0.4522 0.15741992538516938
0.45771249999999997 0.16079102413587998
0.45871249999999997 0.16412359708675583
0.45971249999999997 0.16791882580100947
0.46071249999999997 0.1565872609062771
0.46171249999999997 0.16911758376720623
0.46271249999999997 0.1613625994997865
0.46371249999999997 0.1714264711643731
0.4647125 0.16387400892125478
0.465225 0.16150415102275528
0.466225 0.15975173819073948
0.467225 0.17627915197049387
0.468225 0.16527410285947977
0.469225 0.1689776945587467
0.470225 0.16975162522822929
0.4727375 0.17789251204639323
0.4737375 0.1791512415876609
0.4747375 0.1747941336591739
0.4757375 0.17145417858114387
0.4767375 0.18197982220268433
0.4777375 0.17943677418290194
0.4787375 0.17446465525861468
0.4797375 0.1769933224290171
0.48025 0.17554020961138367
0.48125 0.1712660930900288
0.48225 0.16454257398755043
0.48325 0.17998322370250885
0.48425 0.18474758027618543
0.48525 0.18265478023709353
0.48625 0.1802707043188772
0.48725 0.18022115236806743
0.4877625 0.19416308096247406
0.4887625 0.18416020181978676
0.4897625 0.18569176512236724
0.4907625 0.18864505458612274
0.4917625 0.19402097717865746
0.4927625 0.18877035507795967
0.4937625 0.1894971570041647
0.4947625 0.18687637563947457
0.495275 0.19915577108729393
0.496275 0.1907320371488715
0.497275 0.19999559288081656
0.498275 0.19432465461278797
0.499275 0.19747142459701597
0.500275 0.19559523945458923
0.501275 0.1976268170249528
0.502275 0.19204209958387444
0.5027874999999999 0.19787128529839892
0.5037874999999999 0.20394789178627112
0.5047875 0.19498343548128697
0.5057875 0.20149568287305314
0.5067875 0.20320143707154065
0.5077875 0.19809061602530761
0.5087875 0.21156569391332578
0.5097875 0.20088575319414673
0.5103 0.20360771070426675
0.5113 0.20496012480912282
0.5123 0.22026332762122752
0.5133 0.21583746670458587
0.5143 0.21882073134179428
0.5153 0.20895349731806617
0.5163 0.21305677242388119
0.5173 0.21389131523665683
0.5178125 0.2111042335801098
0.5188125 0.21499515100255545
0.5198125 0.22146499878577214
0.5208125 0.23240820285151267
0.5218125 0.240524846849486
0.5228125 0.2322593661771116
0.5238125 0.2310555242240739
0.5248125 0.2218562698579497
0.525325 0.2395186886698266
0.526325 0.23262910839795795
0.527325 0.23363553248435456
0.528325 0.23170391031751097
0.529325 0.23481208443126667
0.530325 0.2440613673543833
0.531325 0.24072945932918746
0.532325 0.2387671305589208
0.5328375 0.25039617998256286
0.5338375 0.251045847825434
0.5348375 0.24404856653793794
0.5358375 0.23992536246219598
0.5368375 0.25176151595557356
0.5378375 0.24407152317298897
0.5388375 0.2554351696342997
0.5398375 0.24582127983639612
0.54035 0.25120237482472296
0.54135 0.24651868836163113
0.54235 0.26915035949052696
0.54335 0.257519176046408
0.54435 0.2536449516600346
0.54535 0.2703340233103053
0.54635 0.2680709273802308
0.54735 0.2604453307771809
0.5478625 0.2684519176720519
0.5488625 0.2759007451728476
0.5498625 0.266108824279644
0.5508625 0.2803015410221126
0.5518625 0.28850223673852377
0.5528625 0.278772121240769
0.5538625 0.2934998050739946
0.5548625 0.2803037875780842
0.555375 0.3011382915334316
0.556375 0.280311065201287
0.557375 0.28787431907228156
0.558375 0.2939087290715107
0.559375 0.2926757000620172
0.560375 0.30315139732706686
0.561375 0.30154750640517586
0.562375 0.3112328742071103
0.5628875 0.3069823850274337
0.5638875 0.3056527827862912
0.5648875 0.3089858660955901
0.5658875 0.3094771798147364
0.5668875 0.29494193475866487
0.5678875 0.3077865484236293
0.5688875 0.3253348208752015
0.5698875 0.3169149901480169
0.5704 0.3211149377478232
0.5714 0.32852246471955276
0.5724 0.3089812660270728
0.5734 0.3319254021421614
0.5744 0.3270244826437097
0.5754 0.33523994314705824
0.5764 0.32474464430002736
0.5774 0.3381734331503621
