0.45 0.18554300502950297 -0.053005747387395975
0.45416666666666666 0.18078315596608088 -0.05399187969047083
0.45833333333333337 0.18109192275407382 -0.05498710077053254
0.4625 0.1916110019155836 -0.05599141062758106
0.4666666666666667 0.18569568150384627 -0.05700480926161652
0.4708333333333333 0.18825562408817775 -0.058027296672638784
0.475 0.18216685178024022 -0.05905887286064796
0.4791666666666667 0.1836844526314577 -0.060099537825644006
0.48333333333333334 0.1829790871375228 -0.06114929156762685
0.4875 0.18181156195662704 -0.0622081340865966
0.4916666666666667 0.17875359571224975 -0.06327606538255327
0.49583333333333335 0.18419536129652936 -0.06435308545549673
0.5 0.18660378308786232 -0.06543919430542709
0.5 0.18082984499475074 -0.06543919430542709
0.5041666666666667 0.1810274994641516 -0.0665343919323443
0.5083333333333333 0.18871091852979152 -0.0676386783362484
0.5125 0.18275361687922467 -0.06875205351713937
0.5166666666666667 0.1873793352481817 -0.06987451747501722
0.5208333333333334 0.18257659763929035 -0.07100607020988187
0.525 0.18698380784088703 -0.07214671172173341
0.5291666666666667 0.18461439477350963 -0.07329644201057181
0.5333333333333333 0.19079747365080096 -0.0744552610763971
0.5375000000000001 0.18766641208645513 -0.07562316891920927
0.5416666666666667 0.1919814756510189 -0.07680016553900823
0.5458333333333334 0.19871660617212727 -0.07798625093579412
0.55 0.1872273024986459 -0.07918142510956684
0.55 0.19545131503378027 -0.07918142510956684
0.5541666666666667 0.19234805979804667 -0.08038568806032642
0.5583333333333333 0.1965025637160481 -0.08159903978807283
0.5625 0.196295314718321 -0.08282148029280614
0.5666666666666667 0.19905263898338585 -0.08405300957452637
0.5708333333333333 0.20222369710086935 -0.08529362763323338
0.575 0.19782353379269435 -0.08654333446892729
0.5791666666666667 0.20354101599289445 -0.0878021300816082
0.5833333333333334 0.20682152326860134 -0.0890700144712758
0.5875 0.21382347920241823 -0.09034698763793032
0.5916666666666667 0.20569176739560383 -0.09163304958157163
0.5958333333333333 0.21524210294844456 -0.09292820030219995
0.6 0.2142519417444748 -0.09423243979981506
0.6 0.2238845910665277 -0.09423243979981506
0.6041666666666666 0.22958847339212293 -0.09554576807441706
0.6083333333333333 0.228724746902557 -0.0968681851260058
0.6125 0.23289326098242125 -0.09819969095458159
0.6166666666666667 0.23340538664219834 -0.09954028556014409
0.6208333333333333 0.2441985219051871 -0.10088996894269352
0.625 0.2448044858605459 -0.10224874110222981
0.6291666666666667 0.2508916667366738 -0.10361660203875298
0.6333333333333333 0.25241436101105896 -0.10499355175226305
0.6375 0.2702004370504148 -0.10637959024275997
0.6416666666666667 0.2723737542984121 -0.10777471751024376
0.6458333333333334 0.28308226840780537 -0.10917893355471431
0.65 0.2820166799645563 -0.11059223837617188
0.65 0.28191746717287997 -0.11059223837617188
0.6541666666666667 0.29112330196433434 -0.11201463197461614
0.6583333333333333 0.29659676852504263 -0.11344611435004744
0.6625 0.30940551043524095 -0.11488668550246557
0.6666666666666666 0.3098831437725023 -0.11633634543187037
0.6708333333333333 0.3223685588874527 -0.11779509413826225
0.675 0.3309057438787018 -0.11926293162164091
0.6791666666666667 0.3491697309640354 -0.12073985788200639
0.6833333333333333 0.359556307430525 -0.12222587291935887
0.6875 0.3612191728927566 -0.12372097673369813
0.6916666666666667 0.3708131338874135 -0.12522516932502428
0.6958333333333333 0.39722213600049494 -0.12673845069333725
0.7 0.3995727870418555 -0.1282608208386371
