0.6858732065373103 0.8414164258215198 -0.12313616116749718
0.6972920892224804 0.9425525016819059 -0.1272704006463235
0.7087109719076506 1.0492846482440383 -0.13147290151913632
0.7201298545928208 1.1698345814076074 -0.13574366378593564
0.7315487372779909 1.3031047988476152 -0.14008268744672128
0.742967619963161 1.449537519633846 -0.14448997250149342
0.7543865026483312 1.610775585532125 -0.14896551895025217
0.7658053853335013 1.780109660800367 -0.15350932679299717
0.7772242680186714 1.9663186523248843 -0.15812139602972863
0.4574955528339076 0.1330721584491511 -0.0547862643281224
0.46891443551907774 0.13821342611851037 -0.05755527592721994
0.48033331820424785 0.14441850245998855 -0.06039254892030385
0.491752200889418 0.15053799225272724 -0.06329808330737427
0.5031710835745882 0.16146349589093933 -0.06627187908843114
0.5145899662597583 0.1727754133804964 -0.0693139362634744
0.5260088489449284 0.1883951047773774 -0.07242425483250414
0.5374277316300986 0.20229129471008095 -0.07560283479552032
0.5488466143152687 0.22296869264572072 -0.07884967615252296
0.5602654970004388 0.2454886432248271 -0.08216477890351204
0.5716843796856089 0.2720460661185413 -0.08554814304848757
0.583103262370779 0.30231171473565793 -0.08899976858744953
0.5945221450559492 0.34310427124308995 -0.09251965552039795
0.6059410277411194 0.3790146413540766 -0.09610780384733274
0.6173599104262895 0.4244734121785246 -0.09976421356825406
0.6287787931114597 0.4745925487448935 -0.10348888468316184
0.6401976757966298 0.5382824913838035 -0.10728181719205594
0.6516165584817999 0.6052568304315318 -0.1111430110949366
0.6630354411669701 0.6751624104263255 -0.1150724663918036
0.6744543238521402 0.757682306042896 -0.11907018308265713
0.6858732065373103 0.8423556753234359 -0.12313616116749718


simulation of liquid argon, T=150K, output format density pressure lrc, in reduced lj argon units N=14^3 3K equilibration steps, 100K sampling steps (~1.1 ns)